2500
(0, 0, 0)
(1, 0, 4)
(2, 0, 19)
(3, 0, 25)
(4, 0, 35)
(5, 0, 42)
(6, 0, 45)
(7, 0, 52)
(8, 0, 80)
(9, 0, 89)
(10, 0, 107)
(11, 0, 117)
(12, 0, 131)
(13, 0, 158)
(14, 0, 179)
(15, 0, 180)
(16, 0, 203)
(17, 0, 210)
(18, 0, 218)
(19, 0, 228)
(20, 0, 253)
(21, 0, 277)
(22, 0, 299)
(23, 0, 322)
(24, 0, 328)
(25, 0, 348)
(26, 0, 362)
(27, 0, 391)
(28, 0, 417)
(29, 0, 422)
(30, 0, 431)
(31, 0, 459)
(32, 0, 467)
(33, 0, 491)
(34, 0, 495)
(35, 0, 505)
(36, 0, 535)
(37, 0, 541)
(38, 0, 557)
(39, 0, 577)
(40, 0, 583)
(41, 0, 608)
(42, 0, 629)
(43, 0, 648)
(44, 0, 669)
(45, 0, 681)
(46, 0, 693)
(47, 0, 706)
(48, 0, 716)
(49, 0, 735)
(50, 26, 0)
(51, 26, 12)
(52, 26, 25)
(53, 26, 43)
(54, 26, 52)
(55, 26, 77)
(56, 26, 100)
(57, 26, 107)
(58, 26, 127)
(59, 26, 146)
(60, 26, 162)
(61, 26, 179)
(62, 26, 206)
(63, 26, 215)
(64, 26, 227)
(65, 26, 233)
(66, 26, 263)
(67, 26, 273)
(68, 26, 286)
(69, 26, 305)
(70, 26, 320)
(71, 26, 328)
(72, 26, 338)
(73, 26, 364)
(74, 26, 392)
(75, 26, 405)
(76, 26, 412)
(77, 26, 415)
(78, 26, 437)
(79, 26, 454)
(80, 26, 478)
(81, 26, 495)
(82, 26, 523)
(83, 26, 552)
(84, 26, 578)
(85, 26, 584)
(86, 26, 607)
(87, 26, 626)
(88, 26, 631)
(89, 26, 635)
(90, 26, 642)
(91, 26, 662)
(92, 26, 674)
(93, 26, 699)
(94, 26, 719)
(95, 26, 743)
(96, 26, 765)
(97, 26, 784)
(98, 26, 809)
(99, 26, 836)
(100, 35, 0)
(101, 35, 4)
(102, 35, 5)
(103, 35, 9)
(104, 35, 32)
(105, 35, 45)
(106, 35, 47)
(107, 35, 72)
(108, 35, 98)
(109, 35, 116)
(110, 35, 127)
(111, 35, 131)
(112, 35, 138)
(113, 35, 147)
(114, 35, 176)
(115, 35, 181)
(116, 35, 204)
(117, 35, 213)
(118, 35, 222)
(119, 35, 248)
(120, 35, 256)
(121, 35, 276)
(122, 35, 283)
(123, 35, 307)
(124, 35, 316)
(125, 35, 338)
(126, 35, 346)
(127, 35, 365)
(128, 35, 381)
(129, 35, 385)
(130, 35, 395)
(131, 35, 412)
(132, 35, 419)
(133, 35, 429)
(134, 35, 441)
(135, 35, 470)
(136, 35, 484)
(137, 35, 498)
(138, 35, 514)
(139, 35, 523)
(140, 35, 524)
(141, 35, 550)
(142, 35, 554)
(143, 35, 584)
(144, 35, 588)
(145, 35, 613)
(146, 35, 617)
(147, 35, 643)
(148, 35, 668)
(149, 35, 680)
(150, 37, 0)
(151, 37, 1)
(152, 37, 12)
(153, 37, 30)
(154, 37, 31)
(155, 37, 34)
(156, 37, 59)
(157, 37, 70)
(158, 37, 80)
(159, 37, 108)
(160, 37, 129)
(161, 37, 147)
(162, 37, 173)
(163, 37, 203)
(164, 37, 225)
(165, 37, 241)
(166, 37, 255)
(167, 37, 260)
(168, 37, 261)
(169, 37, 275)
(170, 37, 302)
(171, 37, 328)
(172, 37, 338)
(173, 37, 364)
(174, 37, 385)
(175, 37, 389)
(176, 37, 418)
(177, 37, 426)
(178, 37, 454)
(179, 37, 456)
(180, 37, 476)
(181, 37, 498)
(182, 37, 522)
(183, 37, 545)
(184, 37, 554)
(185, 37, 570)
(186, 37, 595)
(187, 37, 620)
(188, 37, 647)
(189, 37, 673)
(190, 37, 687)
(191, 37, 704)
(192, 37, 710)
(193, 37, 711)
(194, 37, 719)
(195, 37, 746)
(196, 37, 762)
(197, 37, 775)
(198, 37, 798)
(199, 37, 807)
(200, 56, 0)
(201, 56, 26)
(202, 56, 54)
(203, 56, 61)
(204, 56, 78)
(205, 56, 79)
(206, 56, 106)
(207, 56, 122)
(208, 56, 142)
(209, 56, 163)
(210, 56, 191)
(211, 56, 202)
(212, 56, 216)
(213, 56, 236)
(214, 56, 247)
(215, 56, 277)
(216, 56, 283)
(217, 56, 288)
(218, 56, 306)
(219, 56, 329)
(220, 56, 339)
(221, 56, 343)
(222, 56, 371)
(223, 56, 381)
(224, 56, 392)
(225, 56, 416)
(226, 56, 434)
(227, 56, 458)
(228, 56, 474)
(229, 56, 500)
(230, 56, 512)
(231, 56, 539)
(232, 56, 560)
(233, 56, 561)
(234, 56, 586)
(235, 56, 615)
(236, 56, 616)
(237, 56, 637)
(238, 56, 644)
(239, 56, 656)
(240, 56, 667)
(241, 56, 671)
(242, 56, 686)
(243, 56, 703)
(244, 56, 726)
(245, 56, 751)
(246, 56, 759)
(247, 56, 787)
(248, 56, 809)
(249, 56, 834)
(250, 57, 0)
(251, 57, 20)
(252, 57, 30)
(253, 57, 33)
(254, 57, 55)
(255, 57, 58)
(256, 57, 78)
(257, 57, 85)
(258, 57, 96)
(259, 57, 111)
(260, 57, 121)
(261, 57, 150)
(262, 57, 177)
(263, 57, 187)
(264, 57, 210)
(265, 57, 228)
(266, 57, 230)
(267, 57, 235)
(268, 57, 259)
(269, 57, 273)
(270, 57, 281)
(271, 57, 308)
(272, 57, 336)
(273, 57, 360)
(274, 57, 371)
(275, 57, 385)
(276, 57, 408)
(277, 57, 438)
(278, 57, 443)
(279, 57, 460)
(280, 57, 471)
(281, 57, 499)
(282, 57, 527)
(283, 57, 547)
(284, 57, 577)
(285, 57, 596)
(286, 57, 611)
(287, 57, 630)
(288, 57, 656)
(289, 57, 673)
(290, 57, 698)
(291, 57, 703)
(292, 57, 718)
(293, 57, 739)
(294, 57, 746)
(295, 57, 775)
(296, 57, 805)
(297, 57, 813)
(298, 57, 838)
(299, 57, 861)
(300, 59, 0)
(301, 59, 11)
(302, 59, 21)
(303, 59, 38)
(304, 59, 59)
(305, 59, 83)
(306, 59, 92)
(307, 59, 112)
(308, 59, 132)
(309, 59, 149)
(310, 59, 172)
(311, 59, 189)
(312, 59, 203)
(313, 59, 215)
(314, 59, 223)
(315, 59, 248)
(316, 59, 266)
(317, 59, 292)
(318, 59, 312)
(319, 59, 316)
(320, 59, 336)
(321, 59, 352)
(322, 59, 362)
(323, 59, 365)
(324, 59, 379)
(325, 59, 409)
(326, 59, 411)
(327, 59, 433)
(328, 59, 458)
(329, 59, 475)
(330, 59, 479)
(331, 59, 505)
(332, 59, 532)
(333, 59, 538)
(334, 59, 543)
(335, 59, 553)
(336, 59, 574)
(337, 59, 587)
(338, 59, 608)
(339, 59, 618)
(340, 59, 640)
(341, 59, 653)
(342, 59, 672)
(343, 59, 699)
(344, 59, 716)
(345, 59, 742)
(346, 59, 763)
(347, 59, 767)
(348, 59, 789)
(349, 59, 791)
(350, 62, 0)
(351, 62, 10)
(352, 62, 11)
(353, 62, 38)
(354, 62, 61)
(355, 62, 62)
(356, 62, 83)
(357, 62, 97)
(358, 62, 114)
(359, 62, 121)
(360, 62, 131)
(361, 62, 143)
(362, 62, 168)
(363, 62, 183)
(364, 62, 191)
(365, 62, 195)
(366, 62, 200)
(367, 62, 213)
(368, 62, 230)
(369, 62, 236)
(370, 62, 240)
(371, 62, 269)
(372, 62, 293)
(373, 62, 315)
(374, 62, 322)
(375, 62, 334)
(376, 62, 347)
(377, 62, 358)
(378, 62, 361)
(379, 62, 367)
(380, 62, 369)
(381, 62, 396)
(382, 62, 411)
(383, 62, 435)
(384, 62, 451)
(385, 62, 459)
(386, 62, 483)
(387, 62, 489)
(388, 62, 502)
(389, 62, 512)
(390, 62, 516)
(391, 62, 538)
(392, 62, 552)
(393, 62, 580)
(394, 62, 608)
(395, 62, 629)
(396, 62, 653)
(397, 62, 677)
(398, 62, 702)
(399, 62, 712)
(400, 90, 0)
(401, 90, 30)
(402, 90, 45)
(403, 90, 57)
(404, 90, 64)
(405, 90, 90)
(406, 90, 114)
(407, 90, 131)
(408, 90, 151)
(409, 90, 180)
(410, 90, 190)
(411, 90, 199)
(412, 90, 213)
(413, 90, 216)
(414, 90, 240)
(415, 90, 253)
(416, 90, 272)
(417, 90, 301)
(418, 90, 326)
(419, 90, 346)
(420, 90, 348)
(421, 90, 357)
(422, 90, 360)
(423, 90, 381)
(424, 90, 387)
(425, 90, 403)
(426, 90, 417)
(427, 90, 447)
(428, 90, 457)
(429, 90, 472)
(430, 90, 493)
(431, 90, 523)
(432, 90, 538)
(433, 90, 565)
(434, 90, 576)
(435, 90, 597)
(436, 90, 620)
(437, 90, 646)
(438, 90, 675)
(439, 90, 679)
(440, 90, 703)
(441, 90, 733)
(442, 90, 745)
(443, 90, 774)
(444, 90, 776)
(445, 90, 803)
(446, 90, 806)
(447, 90, 818)
(448, 90, 843)
(449, 90, 871)
(450, 108, 0)
(451, 108, 6)
(452, 108, 10)
(453, 108, 11)
(454, 108, 14)
(455, 108, 25)
(456, 108, 31)
(457, 108, 55)
(458, 108, 68)
(459, 108, 89)
(460, 108, 103)
(461, 108, 107)
(462, 108, 134)
(463, 108, 145)
(464, 108, 159)
(465, 108, 168)
(466, 108, 193)
(467, 108, 194)
(468, 108, 201)
(469, 108, 221)
(470, 108, 237)
(471, 108, 265)
(472, 108, 289)
(473, 108, 304)
(474, 108, 333)
(475, 108, 353)
(476, 108, 362)
(477, 108, 365)
(478, 108, 372)
(479, 108, 378)
(480, 108, 382)
(481, 108, 406)
(482, 108, 409)
(483, 108, 438)
(484, 108, 454)
(485, 108, 460)
(486, 108, 470)
(487, 108, 492)
(488, 108, 521)
(489, 108, 535)
(490, 108, 539)
(491, 108, 544)
(492, 108, 561)
(493, 108, 591)
(494, 108, 598)
(495, 108, 620)
(496, 108, 650)
(497, 108, 673)
(498, 108, 695)
(499, 108, 701)
(500, 115, 0)
(501, 115, 25)
(502, 115, 30)
(503, 115, 43)
(504, 115, 66)
(505, 115, 83)
(506, 115, 105)
(507, 115, 122)
(508, 115, 145)
(509, 115, 164)
(510, 115, 184)
(511, 115, 192)
(512, 115, 214)
(513, 115, 233)
(514, 115, 257)
(515, 115, 276)
(516, 115, 296)
(517, 115, 311)
(518, 115, 320)
(519, 115, 323)
(520, 115, 333)
(521, 115, 338)
(522, 115, 357)
(523, 115, 358)
(524, 115, 369)
(525, 115, 379)
(526, 115, 409)
(527, 115, 434)
(528, 115, 457)
(529, 115, 484)
(530, 115, 513)
(531, 115, 542)
(532, 115, 563)
(533, 115, 588)
(534, 115, 592)
(535, 115, 597)
(536, 115, 608)
(537, 115, 633)
(538, 115, 655)
(539, 115, 658)
(540, 115, 671)
(541, 115, 682)
(542, 115, 693)
(543, 115, 719)
(544, 115, 740)
(545, 115, 744)
(546, 115, 758)
(547, 115, 768)
(548, 115, 778)
(549, 115, 793)
(550, 126, 0)
(551, 126, 19)
(552, 126, 41)
(553, 126, 52)
(554, 126, 74)
(555, 126, 75)
(556, 126, 77)
(557, 126, 93)
(558, 126, 116)
(559, 126, 144)
(560, 126, 158)
(561, 126, 172)
(562, 126, 182)
(563, 126, 191)
(564, 126, 208)
(565, 126, 222)
(566, 126, 233)
(567, 126, 236)
(568, 126, 263)
(569, 126, 277)
(570, 126, 284)
(571, 126, 292)
(572, 126, 316)
(573, 126, 319)
(574, 126, 339)
(575, 126, 358)
(576, 126, 366)
(577, 126, 396)
(578, 126, 416)
(579, 126, 430)
(580, 126, 433)
(581, 126, 463)
(582, 126, 466)
(583, 126, 491)
(584, 126, 493)
(585, 126, 517)
(586, 126, 534)
(587, 126, 537)
(588, 126, 538)
(589, 126, 548)
(590, 126, 570)
(591, 126, 577)
(592, 126, 592)
(593, 126, 593)
(594, 126, 608)
(595, 126, 609)
(596, 126, 615)
(597, 126, 632)
(598, 126, 657)
(599, 126, 660)
(600, 127, 0)
(601, 127, 2)
(602, 127, 17)
(603, 127, 42)
(604, 127, 63)
(605, 127, 88)
(606, 127, 113)
(607, 127, 125)
(608, 127, 139)
(609, 127, 147)
(610, 127, 162)
(611, 127, 167)
(612, 127, 177)
(613, 127, 186)
(614, 127, 214)
(615, 127, 239)
(616, 127, 264)
(617, 127, 294)
(618, 127, 320)
(619, 127, 346)
(620, 127, 359)
(621, 127, 383)
(622, 127, 393)
(623, 127, 398)
(624, 127, 406)
(625, 127, 408)
(626, 127, 419)
(627, 127, 435)
(628, 127, 453)
(629, 127, 458)
(630, 127, 474)
(631, 127, 493)
(632, 127, 499)
(633, 127, 521)
(634, 127, 526)
(635, 127, 544)
(636, 127, 561)
(637, 127, 590)
(638, 127, 620)
(639, 127, 642)
(640, 127, 649)
(641, 127, 663)
(642, 127, 690)
(643, 127, 706)
(644, 127, 720)
(645, 127, 744)
(646, 127, 747)
(647, 127, 777)
(648, 127, 793)
(649, 127, 813)
(650, 147, 0)
(651, 147, 13)
(652, 147, 40)
(653, 147, 65)
(654, 147, 77)
(655, 147, 98)
(656, 147, 103)
(657, 147, 130)
(658, 147, 138)
(659, 147, 139)
(660, 147, 151)
(661, 147, 169)
(662, 147, 175)
(663, 147, 201)
(664, 147, 224)
(665, 147, 247)
(666, 147, 259)
(667, 147, 280)
(668, 147, 294)
(669, 147, 297)
(670, 147, 324)
(671, 147, 351)
(672, 147, 372)
(673, 147, 377)
(674, 147, 379)
(675, 147, 386)
(676, 147, 415)
(677, 147, 417)
(678, 147, 431)
(679, 147, 449)
(680, 147, 468)
(681, 147, 471)
(682, 147, 493)
(683, 147, 508)
(684, 147, 535)
(685, 147, 538)
(686, 147, 565)
(687, 147, 588)
(688, 147, 617)
(689, 147, 644)
(690, 147, 667)
(691, 147, 670)
(692, 147, 676)
(693, 147, 696)
(694, 147, 716)
(695, 147, 744)
(696, 147, 749)
(697, 147, 750)
(698, 147, 761)
(699, 147, 779)
(700, 176, 0)
(701, 176, 7)
(702, 176, 23)
(703, 176, 48)
(704, 176, 78)
(705, 176, 100)
(706, 176, 123)
(707, 176, 124)
(708, 176, 129)
(709, 176, 131)
(710, 176, 150)
(711, 176, 179)
(712, 176, 202)
(713, 176, 228)
(714, 176, 246)
(715, 176, 263)
(716, 176, 277)
(717, 176, 287)
(718, 176, 295)
(719, 176, 305)
(720, 176, 330)
(721, 176, 332)
(722, 176, 348)
(723, 176, 354)
(724, 176, 375)
(725, 176, 380)
(726, 176, 390)
(727, 176, 411)
(728, 176, 426)
(729, 176, 446)
(730, 176, 461)
(731, 176, 475)
(732, 176, 493)
(733, 176, 515)
(734, 176, 523)
(735, 176, 540)
(736, 176, 553)
(737, 176, 576)
(738, 176, 586)
(739, 176, 595)
(740, 176, 619)
(741, 176, 647)
(742, 176, 677)
(743, 176, 686)
(744, 176, 701)
(745, 176, 718)
(746, 176, 743)
(747, 176, 772)
(748, 176, 790)
(749, 176, 792)
(750, 180, 0)
(751, 180, 3)
(752, 180, 10)
(753, 180, 20)
(754, 180, 43)
(755, 180, 55)
(756, 180, 66)
(757, 180, 79)
(758, 180, 97)
(759, 180, 119)
(760, 180, 139)
(761, 180, 162)
(762, 180, 171)
(763, 180, 182)
(764, 180, 205)
(765, 180, 223)
(766, 180, 239)
(767, 180, 254)
(768, 180, 281)
(769, 180, 297)
(770, 180, 327)
(771, 180, 343)
(772, 180, 358)
(773, 180, 366)
(774, 180, 367)
(775, 180, 390)
(776, 180, 415)
(777, 180, 436)
(778, 180, 447)
(779, 180, 473)
(780, 180, 485)
(781, 180, 499)
(782, 180, 528)
(783, 180, 547)
(784, 180, 562)
(785, 180, 575)
(786, 180, 597)
(787, 180, 623)
(788, 180, 641)
(789, 180, 650)
(790, 180, 667)
(791, 180, 674)
(792, 180, 698)
(793, 180, 716)
(794, 180, 725)
(795, 180, 741)
(796, 180, 746)
(797, 180, 770)
(798, 180, 792)
(799, 180, 815)
(800, 193, 0)
(801, 193, 8)
(802, 193, 16)
(803, 193, 37)
(804, 193, 67)
(805, 193, 68)
(806, 193, 83)
(807, 193, 103)
(808, 193, 114)
(809, 193, 116)
(810, 193, 118)
(811, 193, 134)
(812, 193, 156)
(813, 193, 168)
(814, 193, 169)
(815, 193, 174)
(816, 193, 177)
(817, 193, 195)
(818, 193, 217)
(819, 193, 220)
(820, 193, 246)
(821, 193, 266)
(822, 193, 292)
(823, 193, 305)
(824, 193, 333)
(825, 193, 336)
(826, 193, 345)
(827, 193, 359)
(828, 193, 375)
(829, 193, 376)
(830, 193, 383)
(831, 193, 412)
(832, 193, 413)
(833, 193, 427)
(834, 193, 446)
(835, 193, 476)
(836, 193, 490)
(837, 193, 515)
(838, 193, 527)
(839, 193, 543)
(840, 193, 561)
(841, 193, 574)
(842, 193, 598)
(843, 193, 608)
(844, 193, 632)
(845, 193, 648)
(846, 193, 662)
(847, 193, 680)
(848, 193, 683)
(849, 193, 710)
(850, 213, 0)
(851, 213, 16)
(852, 213, 46)
(853, 213, 49)
(854, 213, 54)
(855, 213, 56)
(856, 213, 59)
(857, 213, 69)
(858, 213, 87)
(859, 213, 113)
(860, 213, 129)
(861, 213, 137)
(862, 213, 163)
(863, 213, 193)
(864, 213, 211)
(865, 213, 228)
(866, 213, 233)
(867, 213, 245)
(868, 213, 273)
(869, 213, 294)
(870, 213, 315)
(871, 213, 317)
(872, 213, 323)
(873, 213, 353)
(874, 213, 370)
(875, 213, 391)
(876, 213, 396)
(877, 213, 400)
(878, 213, 423)
(879, 213, 424)
(880, 213, 440)
(881, 213, 452)
(882, 213, 460)
(883, 213, 475)
(884, 213, 481)
(885, 213, 494)
(886, 213, 502)
(887, 213, 503)
(888, 213, 517)
(889, 213, 534)
(890, 213, 552)
(891, 213, 582)
(892, 213, 606)
(893, 213, 611)
(894, 213, 632)
(895, 213, 643)
(896, 213, 664)
(897, 213, 689)
(898, 213, 703)
(899, 213, 722)
(900, 218, 0)
(901, 218, 12)
(902, 218, 24)
(903, 218, 28)
(904, 218, 57)
(905, 218, 59)
(906, 218, 68)
(907, 218, 70)
(908, 218, 86)
(909, 218, 87)
(910, 218, 96)
(911, 218, 116)
(912, 218, 125)
(913, 218, 148)
(914, 218, 173)
(915, 218, 186)
(916, 218, 209)
(917, 218, 226)
(918, 218, 244)
(919, 218, 253)
(920, 218, 257)
(921, 218, 274)
(922, 218, 299)
(923, 218, 307)
(924, 218, 336)
(925, 218, 341)
(926, 218, 370)
(927, 218, 394)
(928, 218, 405)
(929, 218, 414)
(930, 218, 444)
(931, 218, 459)
(932, 218, 479)
(933, 218, 483)
(934, 218, 493)
(935, 218, 511)
(936, 218, 516)
(937, 218, 526)
(938, 218, 538)
(939, 218, 551)
(940, 218, 554)
(941, 218, 574)
(942, 218, 576)
(943, 218, 587)
(944, 218, 592)
(945, 218, 610)
(946, 218, 625)
(947, 218, 652)
(948, 218, 657)
(949, 218, 659)
(950, 226, 0)
(951, 226, 11)
(952, 226, 32)
(953, 226, 48)
(954, 226, 57)
(955, 226, 75)
(956, 226, 81)
(957, 226, 105)
(958, 226, 133)
(959, 226, 147)
(960, 226, 163)
(961, 226, 167)
(962, 226, 192)
(963, 226, 211)
(964, 226, 224)
(965, 226, 237)
(966, 226, 252)
(967, 226, 267)
(968, 226, 291)
(969, 226, 318)
(970, 226, 335)
(971, 226, 340)
(972, 226, 360)
(973, 226, 379)
(974, 226, 388)
(975, 226, 396)
(976, 226, 421)
(977, 226, 448)
(978, 226, 460)
(979, 226, 486)
(980, 226, 502)
(981, 226, 521)
(982, 226, 549)
(983, 226, 555)
(984, 226, 581)
(985, 226, 588)
(986, 226, 603)
(987, 226, 604)
(988, 226, 634)
(989, 226, 646)
(990, 226, 652)
(991, 226, 667)
(992, 226, 674)
(993, 226, 675)
(994, 226, 700)
(995, 226, 712)
(996, 226, 725)
(997, 226, 735)
(998, 226, 761)
(999, 226, 789)
(1000, 230, 0)
(1001, 230, 24)
(1002, 230, 42)
(1003, 230, 64)
(1004, 230, 89)
(1005, 230, 114)
(1006, 230, 130)
(1007, 230, 151)
(1008, 230, 157)
(1009, 230, 160)
(1010, 230, 166)
(1011, 230, 182)
(1012, 230, 183)
(1013, 230, 187)
(1014, 230, 199)
(1015, 230, 228)
(1016, 230, 246)
(1017, 230, 250)
(1018, 230, 270)
(1019, 230, 292)
(1020, 230, 302)
(1021, 230, 329)
(1022, 230, 357)
(1023, 230, 367)
(1024, 230, 388)
(1025, 230, 389)
(1026, 230, 403)
(1027, 230, 425)
(1028, 230, 451)
(1029, 230, 454)
(1030, 230, 474)
(1031, 230, 503)
(1032, 230, 529)
(1033, 230, 536)
(1034, 230, 548)
(1035, 230, 568)
(1036, 230, 591)
(1037, 230, 610)
(1038, 230, 613)
(1039, 230, 633)
(1040, 230, 655)
(1041, 230, 685)
(1042, 230, 690)
(1043, 230, 704)
(1044, 230, 729)
(1045, 230, 737)
(1046, 230, 741)
(1047, 230, 754)
(1048, 230, 766)
(1049, 230, 789)
(1050, 243, 0)
(1051, 243, 11)
(1052, 243, 26)
(1053, 243, 48)
(1054, 243, 50)
(1055, 243, 66)
(1056, 243, 71)
(1057, 243, 86)
(1058, 243, 89)
(1059, 243, 118)
(1060, 243, 122)
(1061, 243, 146)
(1062, 243, 170)
(1063, 243, 172)
(1064, 243, 177)
(1065, 243, 183)
(1066, 243, 199)
(1067, 243, 215)
(1068, 243, 245)
(1069, 243, 250)
(1070, 243, 257)
(1071, 243, 278)
(1072, 243, 280)
(1073, 243, 292)
(1074, 243, 308)
(1075, 243, 317)
(1076, 243, 324)
(1077, 243, 344)
(1078, 243, 356)
(1079, 243, 377)
(1080, 243, 392)
(1081, 243, 408)
(1082, 243, 410)
(1083, 243, 431)
(1084, 243, 438)
(1085, 243, 463)
(1086, 243, 469)
(1087, 243, 472)
(1088, 243, 481)
(1089, 243, 482)
(1090, 243, 483)
(1091, 243, 488)
(1092, 243, 512)
(1093, 243, 529)
(1094, 243, 557)
(1095, 243, 577)
(1096, 243, 591)
(1097, 243, 605)
(1098, 243, 610)
(1099, 243, 615)
(1100, 246, 0)
(1101, 246, 25)
(1102, 246, 44)
(1103, 246, 50)
(1104, 246, 60)
(1105, 246, 80)
(1106, 246, 92)
(1107, 246, 121)
(1108, 246, 144)
(1109, 246, 147)
(1110, 246, 152)
(1111, 246, 161)
(1112, 246, 165)
(1113, 246, 191)
(1114, 246, 198)
(1115, 246, 226)
(1116, 246, 249)
(1117, 246, 259)
(1118, 246, 287)
(1119, 246, 310)
(1120, 246, 312)
(1121, 246, 314)
(1122, 246, 322)
(1123, 246, 332)
(1124, 246, 362)
(1125, 246, 390)
(1126, 246, 413)
(1127, 246, 426)
(1128, 246, 428)
(1129, 246, 455)
(1130, 246, 477)
(1131, 246, 504)
(1132, 246, 526)
(1133, 246, 529)
(1134, 246, 531)
(1135, 246, 554)
(1136, 246, 568)
(1137, 246, 582)
(1138, 246, 604)
(1139, 246, 632)
(1140, 246, 648)
(1141, 246, 666)
(1142, 246, 672)
(1143, 246, 683)
(1144, 246, 696)
(1145, 246, 701)
(1146, 246, 709)
(1147, 246, 737)
(1148, 246, 751)
(1149, 246, 778)
(1150, 253, 0)
(1151, 253, 29)
(1152, 253, 49)
(1153, 253, 66)
(1154, 253, 86)
(1155, 253, 103)
(1156, 253, 104)
(1157, 253, 128)
(1158, 253, 138)
(1159, 253, 166)
(1160, 253, 181)
(1161, 253, 187)
(1162, 253, 198)
(1163, 253, 207)
(1164, 253, 215)
(1165, 253, 218)
(1166, 253, 240)
(1167, 253, 253)
(1168, 253, 269)
(1169, 253, 289)
(1170, 253, 317)
(1171, 253, 321)
(1172, 253, 338)
(1173, 253, 368)
(1174, 253, 376)
(1175, 253, 397)
(1176, 253, 426)
(1177, 253, 431)
(1178, 253, 457)
(1179, 253, 482)
(1180, 253, 499)
(1181, 253, 502)
(1182, 253, 517)
(1183, 253, 523)
(1184, 253, 534)
(1185, 253, 538)
(1186, 253, 560)
(1187, 253, 571)
(1188, 253, 598)
(1189, 253, 621)
(1190, 253, 651)
(1191, 253, 655)
(1192, 253, 684)
(1193, 253, 694)
(1194, 253, 706)
(1195, 253, 734)
(1196, 253, 739)
(1197, 253, 765)
(1198, 253, 767)
(1199, 253, 787)
(1200, 274, 0)
(1201, 274, 15)
(1202, 274, 16)
(1203, 274, 36)
(1204, 274, 59)
(1205, 274, 81)
(1206, 274, 99)
(1207, 274, 118)
(1208, 274, 127)
(1209, 274, 139)
(1210, 274, 144)
(1211, 274, 155)
(1212, 274, 182)
(1213, 274, 192)
(1214, 274, 205)
(1215, 274, 227)
(1216, 274, 250)
(1217, 274, 274)
(1218, 274, 285)
(1219, 274, 301)
(1220, 274, 316)
(1221, 274, 322)
(1222, 274, 328)
(1223, 274, 345)
(1224, 274, 354)
(1225, 274, 357)
(1226, 274, 378)
(1227, 274, 382)
(1228, 274, 386)
(1229, 274, 388)
(1230, 274, 406)
(1231, 274, 430)
(1232, 274, 439)
(1233, 274, 450)
(1234, 274, 455)
(1235, 274, 456)
(1236, 274, 458)
(1237, 274, 480)
(1238, 274, 491)
(1239, 274, 493)
(1240, 274, 496)
(1241, 274, 512)
(1242, 274, 517)
(1243, 274, 538)
(1244, 274, 563)
(1245, 274, 580)
(1246, 274, 585)
(1247, 274, 603)
(1248, 274, 605)
(1249, 274, 612)
(1250, 291, 0)
(1251, 291, 12)
(1252, 291, 42)
(1253, 291, 45)
(1254, 291, 65)
(1255, 291, 89)
(1256, 291, 104)
(1257, 291, 128)
(1258, 291, 147)
(1259, 291, 155)
(1260, 291, 166)
(1261, 291, 170)
(1262, 291, 186)
(1263, 291, 207)
(1264, 291, 215)
(1265, 291, 223)
(1266, 291, 237)
(1267, 291, 266)
(1268, 291, 285)
(1269, 291, 293)
(1270, 291, 316)
(1271, 291, 342)
(1272, 291, 354)
(1273, 291, 360)
(1274, 291, 380)
(1275, 291, 408)
(1276, 291, 418)
(1277, 291, 447)
(1278, 291, 469)
(1279, 291, 485)
(1280, 291, 500)
(1281, 291, 508)
(1282, 291, 527)
(1283, 291, 541)
(1284, 291, 543)
(1285, 291, 551)
(1286, 291, 558)
(1287, 291, 566)
(1288, 291, 589)
(1289, 291, 606)
(1290, 291, 613)
(1291, 291, 639)
(1292, 291, 659)
(1293, 291, 674)
(1294, 291, 682)
(1295, 291, 709)
(1296, 291, 723)
(1297, 291, 737)
(1298, 291, 754)
(1299, 291, 756)
(1300, 293, 0)
(1301, 293, 19)
(1302, 293, 21)
(1303, 293, 28)
(1304, 293, 29)
(1305, 293, 58)
(1306, 293, 66)
(1307, 293, 87)
(1308, 293, 99)
(1309, 293, 114)
(1310, 293, 120)
(1311, 293, 131)
(1312, 293, 134)
(1313, 293, 145)
(1314, 293, 157)
(1315, 293, 159)
(1316, 293, 177)
(1317, 293, 188)
(1318, 293, 213)
(1319, 293, 239)
(1320, 293, 257)
(1321, 293, 277)
(1322, 293, 293)
(1323, 293, 317)
(1324, 293, 344)
(1325, 293, 348)
(1326, 293, 355)
(1327, 293, 365)
(1328, 293, 386)
(1329, 293, 387)
(1330, 293, 417)
(1331, 293, 439)
(1332, 293, 458)
(1333, 293, 459)
(1334, 293, 479)
(1335, 293, 498)
(1336, 293, 520)
(1337, 293, 547)
(1338, 293, 557)
(1339, 293, 582)
(1340, 293, 585)
(1341, 293, 600)
(1342, 293, 606)
(1343, 293, 611)
(1344, 293, 628)
(1345, 293, 645)
(1346, 293, 651)
(1347, 293, 677)
(1348, 293, 697)
(1349, 293, 719)
(1350, 322, 0)
(1351, 322, 11)
(1352, 322, 18)
(1353, 322, 40)
(1354, 322, 70)
(1355, 322, 72)
(1356, 322, 100)
(1357, 322, 109)
(1358, 322, 123)
(1359, 322, 143)
(1360, 322, 144)
(1361, 322, 171)
(1362, 322, 180)
(1363, 322, 203)
(1364, 322, 219)
(1365, 322, 238)
(1366, 322, 244)
(1367, 322, 248)
(1368, 322, 276)
(1369, 322, 277)
(1370, 322, 283)
(1371, 322, 287)
(1372, 322, 293)
(1373, 322, 303)
(1374, 322, 324)
(1375, 322, 338)
(1376, 322, 346)
(1377, 322, 362)
(1378, 322, 387)
(1379, 322, 416)
(1380, 322, 423)
(1381, 322, 446)
(1382, 322, 448)
(1383, 322, 453)
(1384, 322, 459)
(1385, 322, 460)
(1386, 322, 489)
(1387, 322, 515)
(1388, 322, 516)
(1389, 322, 528)
(1390, 322, 543)
(1391, 322, 566)
(1392, 322, 575)
(1393, 322, 598)
(1394, 322, 614)
(1395, 322, 638)
(1396, 322, 642)
(1397, 322, 655)
(1398, 322, 683)
(1399, 322, 684)
(1400, 325, 0)
(1401, 325, 27)
(1402, 325, 37)
(1403, 325, 42)
(1404, 325, 51)
(1405, 325, 75)
(1406, 325, 79)
(1407, 325, 95)
(1408, 325, 113)
(1409, 325, 115)
(1410, 325, 130)
(1411, 325, 133)
(1412, 325, 158)
(1413, 325, 177)
(1414, 325, 185)
(1415, 325, 202)
(1416, 325, 219)
(1417, 325, 244)
(1418, 325, 262)
(1419, 325, 291)
(1420, 325, 301)
(1421, 325, 303)
(1422, 325, 310)
(1423, 325, 334)
(1424, 325, 351)
(1425, 325, 373)
(1426, 325, 400)
(1427, 325, 422)
(1428, 325, 433)
(1429, 325, 453)
(1430, 325, 457)
(1431, 325, 463)
(1432, 325, 479)
(1433, 325, 485)
(1434, 325, 495)
(1435, 325, 519)
(1436, 325, 540)
(1437, 325, 553)
(1438, 325, 562)
(1439, 325, 570)
(1440, 325, 576)
(1441, 325, 599)
(1442, 325, 601)
(1443, 325, 624)
(1444, 325, 628)
(1445, 325, 630)
(1446, 325, 639)
(1447, 325, 651)
(1448, 325, 677)
(1449, 325, 695)
(1450, 330, 0)
(1451, 330, 20)
(1452, 330, 50)
(1453, 330, 71)
(1454, 330, 99)
(1455, 330, 121)
(1456, 330, 138)
(1457, 330, 157)
(1458, 330, 159)
(1459, 330, 165)
(1460, 330, 180)
(1461, 330, 209)
(1462, 330, 222)
(1463, 330, 242)
(1464, 330, 250)
(1465, 330, 278)
(1466, 330, 288)
(1467, 330, 300)
(1468, 330, 307)
(1469, 330, 316)
(1470, 330, 326)
(1471, 330, 347)
(1472, 330, 350)
(1473, 330, 352)
(1474, 330, 368)
(1475, 330, 372)
(1476, 330, 374)
(1477, 330, 394)
(1478, 330, 415)
(1479, 330, 427)
(1480, 330, 448)
(1481, 330, 466)
(1482, 330, 467)
(1483, 330, 488)
(1484, 330, 496)
(1485, 330, 516)
(1486, 330, 520)
(1487, 330, 544)
(1488, 330, 545)
(1489, 330, 572)
(1490, 330, 594)
(1491, 330, 601)
(1492, 330, 627)
(1493, 330, 631)
(1494, 330, 649)
(1495, 330, 674)
(1496, 330, 676)
(1497, 330, 695)
(1498, 330, 702)
(1499, 330, 732)
(1500, 338, 0)
(1501, 338, 12)
(1502, 338, 33)
(1503, 338, 42)
(1504, 338, 62)
(1505, 338, 78)
(1506, 338, 80)
(1507, 338, 89)
(1508, 338, 96)
(1509, 338, 109)
(1510, 338, 138)
(1511, 338, 162)
(1512, 338, 167)
(1513, 338, 178)
(1514, 338, 201)
(1515, 338, 218)
(1516, 338, 232)
(1517, 338, 240)
(1518, 338, 257)
(1519, 338, 260)
(1520, 338, 289)
(1521, 338, 312)
(1522, 338, 340)
(1523, 338, 365)
(1524, 338, 367)
(1525, 338, 389)
(1526, 338, 407)
(1527, 338, 427)
(1528, 338, 447)
(1529, 338, 456)
(1530, 338, 464)
(1531, 338, 491)
(1532, 338, 511)
(1533, 338, 540)
(1534, 338, 567)
(1535, 338, 576)
(1536, 338, 582)
(1537, 338, 603)
(1538, 338, 612)
(1539, 338, 624)
(1540, 338, 627)
(1541, 338, 635)
(1542, 338, 662)
(1543, 338, 692)
(1544, 338, 702)
(1545, 338, 713)
(1546, 338, 729)
(1547, 338, 753)
(1548, 338, 772)
(1549, 338, 796)
(1550, 347, 0)
(1551, 347, 16)
(1552, 347, 31)
(1553, 347, 34)
(1554, 347, 51)
(1555, 347, 79)
(1556, 347, 99)
(1557, 347, 127)
(1558, 347, 137)
(1559, 347, 157)
(1560, 347, 162)
(1561, 347, 190)
(1562, 347, 200)
(1563, 347, 225)
(1564, 347, 242)
(1565, 347, 252)
(1566, 347, 253)
(1567, 347, 260)
(1568, 347, 279)
(1569, 347, 283)
(1570, 347, 284)
(1571, 347, 302)
(1572, 347, 303)
(1573, 347, 333)
(1574, 347, 360)
(1575, 347, 371)
(1576, 347, 378)
(1577, 347, 390)
(1578, 347, 419)
(1579, 347, 449)
(1580, 347, 478)
(1581, 347, 508)
(1582, 347, 515)
(1583, 347, 520)
(1584, 347, 522)
(1585, 347, 537)
(1586, 347, 562)
(1587, 347, 576)
(1588, 347, 588)
(1589, 347, 592)
(1590, 347, 595)
(1591, 347, 612)
(1592, 347, 613)
(1593, 347, 617)
(1594, 347, 628)
(1595, 347, 637)
(1596, 347, 643)
(1597, 347, 646)
(1598, 347, 661)
(1599, 347, 677)
(1600, 355, 0)
(1601, 355, 3)
(1602, 355, 10)
(1603, 355, 17)
(1604, 355, 38)
(1605, 355, 47)
(1606, 355, 61)
(1607, 355, 86)
(1608, 355, 116)
(1609, 355, 121)
(1610, 355, 144)
(1611, 355, 173)
(1612, 355, 185)
(1613, 355, 205)
(1614, 355, 227)
(1615, 355, 253)
(1616, 355, 267)
(1617, 355, 272)
(1618, 355, 280)
(1619, 355, 289)
(1620, 355, 319)
(1621, 355, 335)
(1622, 355, 344)
(1623, 355, 369)
(1624, 355, 395)
(1625, 355, 405)
(1626, 355, 435)
(1627, 355, 456)
(1628, 355, 480)
(1629, 355, 495)
(1630, 355, 522)
(1631, 355, 523)
(1632, 355, 532)
(1633, 355, 535)
(1634, 355, 565)
(1635, 355, 595)
(1636, 355, 598)
(1637, 355, 603)
(1638, 355, 619)
(1639, 355, 621)
(1640, 355, 630)
(1641, 355, 638)
(1642, 355, 660)
(1643, 355, 680)
(1644, 355, 699)
(1645, 355, 713)
(1646, 355, 729)
(1647, 355, 731)
(1648, 355, 741)
(1649, 355, 764)
(1650, 356, 0)
(1651, 356, 30)
(1652, 356, 41)
(1653, 356, 67)
(1654, 356, 92)
(1655, 356, 112)
(1656, 356, 129)
(1657, 356, 136)
(1658, 356, 141)
(1659, 356, 143)
(1660, 356, 146)
(1661, 356, 152)
(1662, 356, 162)
(1663, 356, 189)
(1664, 356, 216)
(1665, 356, 217)
(1666, 356, 247)
(1667, 356, 248)
(1668, 356, 264)
(1669, 356, 287)
(1670, 356, 296)
(1671, 356, 312)
(1672, 356, 319)
(1673, 356, 340)
(1674, 356, 344)
(1675, 356, 356)
(1676, 356, 362)
(1677, 356, 390)
(1678, 356, 411)
(1679, 356, 431)
(1680, 356, 438)
(1681, 356, 452)
(1682, 356, 471)
(1683, 356, 480)
(1684, 356, 489)
(1685, 356, 494)
(1686, 356, 514)
(1687, 356, 531)
(1688, 356, 543)
(1689, 356, 568)
(1690, 356, 586)
(1691, 356, 600)
(1692, 356, 622)
(1693, 356, 642)
(1694, 356, 645)
(1695, 356, 663)
(1696, 356, 675)
(1697, 356, 677)
(1698, 356, 695)
(1699, 356, 715)
(1700, 374, 0)
(1701, 374, 5)
(1702, 374, 27)
(1703, 374, 35)
(1704, 374, 65)
(1705, 374, 68)
(1706, 374, 73)
(1707, 374, 100)
(1708, 374, 116)
(1709, 374, 140)
(1710, 374, 166)
(1711, 374, 195)
(1712, 374, 199)
(1713, 374, 225)
(1714, 374, 254)
(1715, 374, 255)
(1716, 374, 271)
(1717, 374, 286)
(1718, 374, 298)
(1719, 374, 308)
(1720, 374, 333)
(1721, 374, 350)
(1722, 374, 351)
(1723, 374, 365)
(1724, 374, 384)
(1725, 374, 402)
(1726, 374, 419)
(1727, 374, 431)
(1728, 374, 458)
(1729, 374, 464)
(1730, 374, 492)
(1731, 374, 506)
(1732, 374, 516)
(1733, 374, 527)
(1734, 374, 549)
(1735, 374, 551)
(1736, 374, 565)
(1737, 374, 583)
(1738, 374, 603)
(1739, 374, 624)
(1740, 374, 636)
(1741, 374, 651)
(1742, 374, 670)
(1743, 374, 677)
(1744, 374, 688)
(1745, 374, 697)
(1746, 374, 704)
(1747, 374, 730)
(1748, 374, 745)
(1749, 374, 755)
(1750, 383, 0)
(1751, 383, 27)
(1752, 383, 54)
(1753, 383, 68)
(1754, 383, 75)
(1755, 383, 81)
(1756, 383, 82)
(1757, 383, 93)
(1758, 383, 95)
(1759, 383, 101)
(1760, 383, 109)
(1761, 383, 124)
(1762, 383, 132)
(1763, 383, 142)
(1764, 383, 170)
(1765, 383, 171)
(1766, 383, 194)
(1767, 383, 210)
(1768, 383, 230)
(1769, 383, 235)
(1770, 383, 254)
(1771, 383, 259)
(1772, 383, 282)
(1773, 383, 307)
(1774, 383, 314)
(1775, 383, 337)
(1776, 383, 361)
(1777, 383, 385)
(1778, 383, 393)
(1779, 383, 396)
(1780, 383, 416)
(1781, 383, 432)
(1782, 383, 461)
(1783, 383, 469)
(1784, 383, 499)
(1785, 383, 527)
(1786, 383, 540)
(1787, 383, 562)
(1788, 383, 570)
(1789, 383, 584)
(1790, 383, 603)
(1791, 383, 610)
(1792, 383, 630)
(1793, 383, 648)
(1794, 383, 664)
(1795, 383, 682)
(1796, 383, 700)
(1797, 383, 701)
(1798, 383, 726)
(1799, 383, 734)
(1800, 396, 0)
(1801, 396, 4)
(1802, 396, 24)
(1803, 396, 53)
(1804, 396, 55)
(1805, 396, 67)
(1806, 396, 89)
(1807, 396, 114)
(1808, 396, 133)
(1809, 396, 158)
(1810, 396, 164)
(1811, 396, 169)
(1812, 396, 184)
(1813, 396, 197)
(1814, 396, 223)
(1815, 396, 227)
(1816, 396, 252)
(1817, 396, 261)
(1818, 396, 272)
(1819, 396, 302)
(1820, 396, 329)
(1821, 396, 338)
(1822, 396, 357)
(1823, 396, 372)
(1824, 396, 397)
(1825, 396, 403)
(1826, 396, 405)
(1827, 396, 430)
(1828, 396, 452)
(1829, 396, 453)
(1830, 396, 474)
(1831, 396, 478)
(1832, 396, 504)
(1833, 396, 514)
(1834, 396, 539)
(1835, 396, 566)
(1836, 396, 588)
(1837, 396, 596)
(1838, 396, 617)
(1839, 396, 627)
(1840, 396, 651)
(1841, 396, 677)
(1842, 396, 683)
(1843, 396, 692)
(1844, 396, 722)
(1845, 396, 745)
(1846, 396, 749)
(1847, 396, 773)
(1848, 396, 774)
(1849, 396, 789)
(1850, 416, 0)
(1851, 416, 23)
(1852, 416, 27)
(1853, 416, 31)
(1854, 416, 40)
(1855, 416, 49)
(1856, 416, 76)
(1857, 416, 101)
(1858, 416, 102)
(1859, 416, 122)
(1860, 416, 138)
(1861, 416, 164)
(1862, 416, 179)
(1863, 416, 204)
(1864, 416, 216)
(1865, 416, 228)
(1866, 416, 236)
(1867, 416, 256)
(1868, 416, 280)
(1869, 416, 298)
(1870, 416, 311)
(1871, 416, 323)
(1872, 416, 338)
(1873, 416, 351)
(1874, 416, 362)
(1875, 416, 370)
(1876, 416, 387)
(1877, 416, 414)
(1878, 416, 444)
(1879, 416, 467)
(1880, 416, 478)
(1881, 416, 497)
(1882, 416, 504)
(1883, 416, 518)
(1884, 416, 532)
(1885, 416, 548)
(1886, 416, 563)
(1887, 416, 574)
(1888, 416, 576)
(1889, 416, 583)
(1890, 416, 605)
(1891, 416, 622)
(1892, 416, 646)
(1893, 416, 652)
(1894, 416, 656)
(1895, 416, 662)
(1896, 416, 679)
(1897, 416, 690)
(1898, 416, 707)
(1899, 416, 710)
(1900, 437, 0)
(1901, 437, 14)
(1902, 437, 19)
(1903, 437, 23)
(1904, 437, 47)
(1905, 437, 51)
(1906, 437, 63)
(1907, 437, 75)
(1908, 437, 78)
(1909, 437, 82)
(1910, 437, 105)
(1911, 437, 119)
(1912, 437, 121)
(1913, 437, 149)
(1914, 437, 176)
(1915, 437, 185)
(1916, 437, 189)
(1917, 437, 218)
(1918, 437, 229)
(1919, 437, 231)
(1920, 437, 251)
(1921, 437, 270)
(1922, 437, 296)
(1923, 437, 322)
(1924, 437, 344)
(1925, 437, 367)
(1926, 437, 371)
(1927, 437, 374)
(1928, 437, 375)
(1929, 437, 381)
(1930, 437, 403)
(1931, 437, 424)
(1932, 437, 443)
(1933, 437, 461)
(1934, 437, 485)
(1935, 437, 490)
(1936, 437, 511)
(1937, 437, 516)
(1938, 437, 524)
(1939, 437, 540)
(1940, 437, 570)
(1941, 437, 592)
(1942, 437, 621)
(1943, 437, 645)
(1944, 437, 665)
(1945, 437, 690)
(1946, 437, 692)
(1947, 437, 707)
(1948, 437, 731)
(1949, 437, 735)
(1950, 450, 0)
(1951, 450, 23)
(1952, 450, 27)
(1953, 450, 57)
(1954, 450, 71)
(1955, 450, 97)
(1956, 450, 101)
(1957, 450, 109)
(1958, 450, 127)
(1959, 450, 128)
(1960, 450, 158)
(1961, 450, 166)
(1962, 450, 178)
(1963, 450, 187)
(1964, 450, 189)
(1965, 450, 205)
(1966, 450, 235)
(1967, 450, 263)
(1968, 450, 278)
(1969, 450, 293)
(1970, 450, 313)
(1971, 450, 320)
(1972, 450, 325)
(1973, 450, 338)
(1974, 450, 356)
(1975, 450, 385)
(1976, 450, 399)
(1977, 450, 401)
(1978, 450, 415)
(1979, 450, 433)
(1980, 450, 451)
(1981, 450, 470)
(1982, 450, 472)
(1983, 450, 485)
(1984, 450, 503)
(1985, 450, 518)
(1986, 450, 548)
(1987, 450, 561)
(1988, 450, 576)
(1989, 450, 593)
(1990, 450, 607)
(1991, 450, 613)
(1992, 450, 638)
(1993, 450, 663)
(1994, 450, 677)
(1995, 450, 695)
(1996, 450, 697)
(1997, 450, 710)
(1998, 450, 717)
(1999, 450, 733)
(2000, 476, 0)
(2001, 476, 22)
(2002, 476, 45)
(2003, 476, 53)
(2004, 476, 62)
(2005, 476, 76)
(2006, 476, 90)
(2007, 476, 101)
(2008, 476, 128)
(2009, 476, 151)
(2010, 476, 171)
(2011, 476, 186)
(2012, 476, 210)
(2013, 476, 235)
(2014, 476, 260)
(2015, 476, 290)
(2016, 476, 314)
(2017, 476, 321)
(2018, 476, 335)
(2019, 476, 346)
(2020, 476, 366)
(2021, 476, 385)
(2022, 476, 412)
(2023, 476, 426)
(2024, 476, 451)
(2025, 476, 465)
(2026, 476, 472)
(2027, 476, 501)
(2028, 476, 521)
(2029, 476, 544)
(2030, 476, 562)
(2031, 476, 570)
(2032, 476, 584)
(2033, 476, 586)
(2034, 476, 593)
(2035, 476, 608)
(2036, 476, 615)
(2037, 476, 627)
(2038, 476, 644)
(2039, 476, 648)
(2040, 476, 674)
(2041, 476, 702)
(2042, 476, 712)
(2043, 476, 723)
(2044, 476, 745)
(2045, 476, 749)
(2046, 476, 760)
(2047, 476, 776)
(2048, 476, 787)
(2049, 476, 803)
(2050, 498, 0)
(2051, 498, 27)
(2052, 498, 41)
(2053, 498, 47)
(2054, 498, 68)
(2055, 498, 87)
(2056, 498, 99)
(2057, 498, 110)
(2058, 498, 140)
(2059, 498, 166)
(2060, 498, 186)
(2061, 498, 215)
(2062, 498, 217)
(2063, 498, 239)
(2064, 498, 245)
(2065, 498, 261)
(2066, 498, 281)
(2067, 498, 298)
(2068, 498, 322)
(2069, 498, 337)
(2070, 498, 350)
(2071, 498, 371)
(2072, 498, 396)
(2073, 498, 411)
(2074, 498, 424)
(2075, 498, 444)
(2076, 498, 469)
(2077, 498, 489)
(2078, 498, 511)
(2079, 498, 514)
(2080, 498, 521)
(2081, 498, 535)
(2082, 498, 556)
(2083, 498, 568)
(2084, 498, 579)
(2085, 498, 582)
(2086, 498, 604)
(2087, 498, 618)
(2088, 498, 631)
(2089, 498, 644)
(2090, 498, 654)
(2091, 498, 657)
(2092, 498, 669)
(2093, 498, 680)
(2094, 498, 696)
(2095, 498, 713)
(2096, 498, 731)
(2097, 498, 736)
(2098, 498, 761)
(2099, 498, 772)
(2100, 527, 0)
(2101, 527, 23)
(2102, 527, 29)
(2103, 527, 43)
(2104, 527, 48)
(2105, 527, 73)
(2106, 527, 103)
(2107, 527, 127)
(2108, 527, 136)
(2109, 527, 160)
(2110, 527, 182)
(2111, 527, 204)
(2112, 527, 218)
(2113, 527, 243)
(2114, 527, 245)
(2115, 527, 261)
(2116, 527, 277)
(2117, 527, 292)
(2118, 527, 313)
(2119, 527, 342)
(2120, 527, 358)
(2121, 527, 381)
(2122, 527, 391)
(2123, 527, 409)
(2124, 527, 439)
(2125, 527, 457)
(2126, 527, 484)
(2127, 527, 510)
(2128, 527, 514)
(2129, 527, 521)
(2130, 527, 536)
(2131, 527, 561)
(2132, 527, 591)
(2133, 527, 603)
(2134, 527, 633)
(2135, 527, 659)
(2136, 527, 688)
(2137, 527, 709)
(2138, 527, 721)
(2139, 527, 728)
(2140, 527, 743)
(2141, 527, 746)
(2142, 527, 774)
(2143, 527, 794)
(2144, 527, 822)
(2145, 527, 843)
(2146, 527, 871)
(2147, 527, 884)
(2148, 527, 911)
(2149, 527, 929)
(2150, 540, 0)
(2151, 540, 2)
(2152, 540, 6)
(2153, 540, 28)
(2154, 540, 29)
(2155, 540, 50)
(2156, 540, 69)
(2157, 540, 95)
(2158, 540, 112)
(2159, 540, 129)
(2160, 540, 132)
(2161, 540, 135)
(2162, 540, 143)
(2163, 540, 149)
(2164, 540, 151)
(2165, 540, 155)
(2166, 540, 159)
(2167, 540, 181)
(2168, 540, 196)
(2169, 540, 206)
(2170, 540, 234)
(2171, 540, 243)
(2172, 540, 272)
(2173, 540, 290)
(2174, 540, 296)
(2175, 540, 307)
(2176, 540, 322)
(2177, 540, 333)
(2178, 540, 341)
(2179, 540, 343)
(2180, 540, 356)
(2181, 540, 368)
(2182, 540, 393)
(2183, 540, 402)
(2184, 540, 405)
(2185, 540, 430)
(2186, 540, 459)
(2187, 540, 480)
(2188, 540, 492)
(2189, 540, 499)
(2190, 540, 529)
(2191, 540, 535)
(2192, 540, 544)
(2193, 540, 551)
(2194, 540, 563)
(2195, 540, 565)
(2196, 540, 575)
(2197, 540, 590)
(2198, 540, 614)
(2199, 540, 630)
(2200, 561, 0)
(2201, 561, 25)
(2202, 561, 32)
(2203, 561, 40)
(2204, 561, 70)
(2205, 561, 88)
(2206, 561, 110)
(2207, 561, 112)
(2208, 561, 129)
(2209, 561, 144)
(2210, 561, 151)
(2211, 561, 179)
(2212, 561, 188)
(2213, 561, 203)
(2214, 561, 225)
(2215, 561, 250)
(2216, 561, 255)
(2217, 561, 260)
(2218, 561, 289)
(2219, 561, 301)
(2220, 561, 305)
(2221, 561, 309)
(2222, 561, 321)
(2223, 561, 331)
(2224, 561, 338)
(2225, 561, 352)
(2226, 561, 364)
(2227, 561, 378)
(2228, 561, 407)
(2229, 561, 434)
(2230, 561, 464)
(2231, 561, 483)
(2232, 561, 504)
(2233, 561, 532)
(2234, 561, 551)
(2235, 561, 564)
(2236, 561, 579)
(2237, 561, 581)
(2238, 561, 587)
(2239, 561, 610)
(2240, 561, 619)
(2241, 561, 631)
(2242, 561, 643)
(2243, 561, 660)
(2244, 561, 678)
(2245, 561, 682)
(2246, 561, 686)
(2247, 561, 709)
(2248, 561, 739)
(2249, 561, 741)
(2250, 586, 0)
(2251, 586, 27)
(2252, 586, 34)
(2253, 586, 38)
(2254, 586, 42)
(2255, 586, 54)
(2256, 586, 61)
(2257, 586, 70)
(2258, 586, 80)
(2259, 586, 84)
(2260, 586, 92)
(2261, 586, 121)
(2262, 586, 137)
(2263, 586, 164)
(2264, 586, 173)
(2265, 586, 193)
(2266, 586, 205)
(2267, 586, 215)
(2268, 586, 233)
(2269, 586, 259)
(2270, 586, 269)
(2271, 586, 298)
(2272, 586, 306)
(2273, 586, 333)
(2274, 586, 350)
(2275, 586, 353)
(2276, 586, 375)
(2277, 586, 376)
(2278, 586, 400)
(2279, 586, 423)
(2280, 586, 449)
(2281, 586, 467)
(2282, 586, 478)
(2283, 586, 502)
(2284, 586, 515)
(2285, 586, 521)
(2286, 586, 527)
(2287, 586, 547)
(2288, 586, 561)
(2289, 586, 576)
(2290, 586, 591)
(2291, 586, 604)
(2292, 586, 617)
(2293, 586, 639)
(2294, 586, 649)
(2295, 586, 662)
(2296, 586, 666)
(2297, 586, 679)
(2298, 586, 694)
(2299, 586, 715)
(2300, 610, 0)
(2301, 610, 11)
(2302, 610, 18)
(2303, 610, 30)
(2304, 610, 49)
(2305, 610, 58)
(2306, 610, 61)
(2307, 610, 80)
(2308, 610, 82)
(2309, 610, 99)
(2310, 610, 105)
(2311, 610, 116)
(2312, 610, 144)
(2313, 610, 174)
(2314, 610, 198)
(2315, 610, 201)
(2316, 610, 206)
(2317, 610, 211)
(2318, 610, 220)
(2319, 610, 239)
(2320, 610, 258)
(2321, 610, 279)
(2322, 610, 303)
(2323, 610, 305)
(2324, 610, 335)
(2325, 610, 341)
(2326, 610, 346)
(2327, 610, 358)
(2328, 610, 378)
(2329, 610, 395)
(2330, 610, 415)
(2331, 610, 421)
(2332, 610, 441)
(2333, 610, 467)
(2334, 610, 484)
(2335, 610, 492)
(2336, 610, 519)
(2337, 610, 539)
(2338, 610, 558)
(2339, 610, 578)
(2340, 610, 584)
(2341, 610, 608)
(2342, 610, 609)
(2343, 610, 612)
(2344, 610, 635)
(2345, 610, 651)
(2346, 610, 679)
(2347, 610, 698)
(2348, 610, 718)
(2349, 610, 724)
(2350, 640, 0)
(2351, 640, 26)
(2352, 640, 27)
(2353, 640, 50)
(2354, 640, 68)
(2355, 640, 96)
(2356, 640, 116)
(2357, 640, 145)
(2358, 640, 155)
(2359, 640, 161)
(2360, 640, 171)
(2361, 640, 186)
(2362, 640, 203)
(2363, 640, 231)
(2364, 640, 232)
(2365, 640, 257)
(2366, 640, 273)
(2367, 640, 285)
(2368, 640, 290)
(2369, 640, 295)
(2370, 640, 313)
(2371, 640, 333)
(2372, 640, 360)
(2373, 640, 372)
(2374, 640, 385)
(2375, 640, 389)
(2376, 640, 398)
(2377, 640, 421)
(2378, 640, 436)
(2379, 640, 442)
(2380, 640, 472)
(2381, 640, 486)
(2382, 640, 510)
(2383, 640, 532)
(2384, 640, 561)
(2385, 640, 572)
(2386, 640, 592)
(2387, 640, 610)
(2388, 640, 611)
(2389, 640, 632)
(2390, 640, 647)
(2391, 640, 658)
(2392, 640, 663)
(2393, 640, 665)
(2394, 640, 695)
(2395, 640, 722)
(2396, 640, 748)
(2397, 640, 763)
(2398, 640, 772)
(2399, 640, 794)
(2400, 658, 0)
(2401, 658, 11)
(2402, 658, 19)
(2403, 658, 48)
(2404, 658, 63)
(2405, 658, 66)
(2406, 658, 96)
(2407, 658, 104)
(2408, 658, 122)
(2409, 658, 127)
(2410, 658, 156)
(2411, 658, 179)
(2412, 658, 199)
(2413, 658, 220)
(2414, 658, 241)
(2415, 658, 271)
(2416, 658, 273)
(2417, 658, 281)
(2418, 658, 304)
(2419, 658, 326)
(2420, 658, 349)
(2421, 658, 352)
(2422, 658, 370)
(2423, 658, 394)
(2424, 658, 418)
(2425, 658, 424)
(2426, 658, 435)
(2427, 658, 443)
(2428, 658, 449)
(2429, 658, 451)
(2430, 658, 469)
(2431, 658, 492)
(2432, 658, 496)
(2433, 658, 513)
(2434, 658, 535)
(2435, 658, 554)
(2436, 658, 574)
(2437, 658, 587)
(2438, 658, 605)
(2439, 658, 634)
(2440, 658, 643)
(2441, 658, 659)
(2442, 658, 680)
(2443, 658, 709)
(2444, 658, 715)
(2445, 658, 727)
(2446, 658, 747)
(2447, 658, 776)
(2448, 658, 787)
(2449, 658, 799)
(2450, 661, 0)
(2451, 661, 6)
(2452, 661, 35)
(2453, 661, 53)
(2454, 661, 82)
(2455, 661, 109)
(2456, 661, 129)
(2457, 661, 157)
(2458, 661, 159)
(2459, 661, 172)
(2460, 661, 188)
(2461, 661, 213)
(2462, 661, 230)
(2463, 661, 254)
(2464, 661, 262)
(2465, 661, 289)
(2466, 661, 294)
(2467, 661, 314)
(2468, 661, 328)
(2469, 661, 331)
(2470, 661, 359)
(2471, 661, 388)
(2472, 661, 404)
(2473, 661, 422)
(2474, 661, 449)
(2475, 661, 468)
(2476, 661, 476)
(2477, 661, 501)
(2478, 661, 522)
(2479, 661, 533)
(2480, 661, 540)
(2481, 661, 556)
(2482, 661, 573)
(2483, 661, 600)
(2484, 661, 603)
(2485, 661, 610)
(2486, 661, 633)
(2487, 661, 656)
(2488, 661, 661)
(2489, 661, 678)
(2490, 661, 705)
(2491, 661, 717)
(2492, 661, 720)
(2493, 661, 733)
(2494, 661, 738)
(2495, 661, 748)
(2496, 661, 757)
(2497, 661, 759)
(2498, 661, 780)
(2499, 661, 794)