400
(0, 0, 0)
(1, 0, 31)
(2, 0, 109)
(3, 0, 226)
(4, 0, 305)
(5, 0, 421)
(6, 0, 522)
(7, 0, 604)
(8, 0, 665)
(9, 0, 725)
(10, 0, 826)
(11, 0, 896)
(12, 0, 940)
(13, 0, 1007)
(14, 0, 1036)
(15, 0, 1100)
(16, 0, 1129)
(17, 0, 1214)
(18, 0, 1241)
(19, 0, 1340)
(20, 65, 0)
(21, 65, 56)
(22, 65, 117)
(23, 65, 188)
(24, 65, 277)
(25, 65, 370)
(26, 65, 450)
(27, 65, 561)
(28, 65, 636)
(29, 65, 660)
(30, 65, 737)
(31, 65, 823)
(32, 65, 858)
(33, 65, 932)
(34, 65, 977)
(35, 65, 1060)
(36, 65, 1167)
(37, 65, 1227)
(38, 65, 1251)
(39, 65, 1299)
(40, 139, 0)
(41, 139, 72)
(42, 139, 112)
(43, 139, 147)
(44, 139, 215)
(45, 139, 264)
(46, 139, 365)
(47, 139, 440)
(48, 139, 521)
(49, 139, 581)
(50, 139, 653)
(51, 139, 770)
(52, 139, 823)
(53, 139, 898)
(54, 139, 984)
(55, 139, 1062)
(56, 139, 1097)
(57, 139, 1175)
(58, 139, 1208)
(59, 139, 1248)
(60, 239, 0)
(61, 239, 107)
(62, 239, 148)
(63, 239, 225)
(64, 239, 295)
(65, 239, 324)
(66, 239, 393)
(67, 239, 467)
(68, 239, 576)
(69, 239, 618)
(70, 239, 699)
(71, 239, 812)
(72, 239, 927)
(73, 239, 975)
(74, 239, 1036)
(75, 239, 1080)
(76, 239, 1109)
(77, 239, 1177)
(78, 239, 1282)
(79, 239, 1303)
(80, 341, 0)
(81, 341, 106)
(82, 341, 133)
(83, 341, 154)
(84, 341, 218)
(85, 341, 261)
(86, 341, 340)
(87, 341, 370)
(88, 341, 485)
(89, 341, 531)
(90, 341, 593)
(91, 341, 695)
(92, 341, 762)
(93, 341, 881)
(94, 341, 985)
(95, 341, 1013)
(96, 341, 1034)
(97, 341, 1144)
(98, 341, 1261)
(99, 341, 1304)
(100, 451, 0)
(101, 451, 38)
(102, 451, 138)
(103, 451, 241)
(104, 451, 356)
(105, 451, 417)
(106, 451, 520)
(107, 451, 572)
(108, 451, 635)
(109, 451, 690)
(110, 451, 777)
(111, 451, 878)
(112, 451, 941)
(113, 451, 1029)
(114, 451, 1075)
(115, 451, 1113)
(116, 451, 1160)
(117, 451, 1216)
(118, 451, 1249)
(119, 451, 1274)
(120, 518, 0)
(121, 518, 72)
(122, 518, 173)
(123, 518, 224)
(124, 518, 305)
(125, 518, 407)
(126, 518, 448)
(127, 518, 478)
(128, 518, 504)
(129, 518, 549)
(130, 518, 570)
(131, 518, 666)
(132, 518, 691)
(133, 518, 747)
(134, 518, 838)
(135, 518, 956)
(136, 518, 996)
(137, 518, 1072)
(138, 518, 1133)
(139, 518, 1208)
(140, 561, 0)
(141, 561, 70)
(142, 561, 181)
(143, 561, 202)
(144, 561, 290)
(145, 561, 380)
(146, 561, 489)
(147, 561, 542)
(148, 561, 637)
(149, 561, 676)
(150, 561, 728)
(151, 561, 827)
(152, 561, 847)
(153, 561, 882)
(154, 561, 994)
(155, 561, 1049)
(156, 561, 1106)
(157, 561, 1129)
(158, 561, 1242)
(159, 561, 1276)
(160, 650, 0)
(161, 650, 91)
(162, 650, 203)
(163, 650, 316)
(164, 650, 405)
(165, 650, 437)
(166, 650, 506)
(167, 650, 589)
(168, 650, 629)
(169, 650, 673)
(170, 650, 731)
(171, 650, 773)
(172, 650, 808)
(173, 650, 867)
(174, 650, 930)
(175, 650, 987)
(176, 650, 1087)
(177, 650, 1183)
(178, 650, 1215)
(179, 650, 1334)
(180, 713, 0)
(181, 713, 71)
(182, 713, 167)
(183, 713, 223)
(184, 713, 329)
(185, 713, 362)
(186, 713, 421)
(187, 713, 520)
(188, 713, 619)
(189, 713, 734)
(190, 713, 803)
(191, 713, 873)
(192, 713, 980)
(193, 713, 1094)
(194, 713, 1186)
(195, 713, 1258)
(196, 713, 1373)
(197, 713, 1428)
(198, 713, 1472)
(199, 713, 1511)
(200, 779, 0)
(201, 779, 106)
(202, 779, 138)
(203, 779, 247)
(204, 779, 290)
(205, 779, 402)
(206, 779, 440)
(207, 779, 547)
(208, 779, 610)
(209, 779, 709)
(210, 779, 759)
(211, 779, 873)
(212, 779, 948)
(213, 779, 1034)
(214, 779, 1087)
(215, 779, 1128)
(216, 779, 1205)
(217, 779, 1237)
(218, 779, 1257)
(219, 779, 1329)
(220, 802, 0)
(221, 802, 112)
(222, 802, 191)
(223, 802, 286)
(224, 802, 350)
(225, 802, 424)
(226, 802, 454)
(227, 802, 542)
(228, 802, 635)
(229, 802, 690)
(230, 802, 724)
(231, 802, 803)
(232, 802, 922)
(233, 802, 998)
(234, 802, 1052)
(235, 802, 1115)
(236, 802, 1209)
(237, 802, 1250)
(238, 802, 1356)
(239, 802, 1381)
(240, 854, 0)
(241, 854, 80)
(242, 854, 170)
(243, 854, 255)
(244, 854, 308)
(245, 854, 356)
(246, 854, 406)
(247, 854, 460)
(248, 854, 512)
(249, 854, 575)
(250, 854, 632)
(251, 854, 676)
(252, 854, 699)
(253, 854, 783)
(254, 854, 871)
(255, 854, 900)
(256, 854, 994)
(257, 854, 1102)
(258, 854, 1205)
(259, 854, 1234)
(260, 968, 0)
(261, 968, 28)
(262, 968, 59)
(263, 968, 108)
(264, 968, 179)
(265, 968, 236)
(266, 968, 258)
(267, 968, 367)
(268, 968, 481)
(269, 968, 507)
(270, 968, 548)
(271, 968, 622)
(272, 968, 671)
(273, 968, 730)
(274, 968, 838)
(275, 968, 867)
(276, 968, 956)
(277, 968, 1050)
(278, 968, 1111)
(279, 968, 1195)
(280, 1006, 0)
(281, 1006, 39)
(282, 1006, 86)
(283, 1006, 144)
(284, 1006, 193)
(285, 1006, 266)
(286, 1006, 313)
(287, 1006, 345)
(288, 1006, 379)
(289, 1006, 481)
(290, 1006, 559)
(291, 1006, 653)
(292, 1006, 718)
(293, 1006, 777)
(294, 1006, 874)
(295, 1006, 928)
(296, 1006, 990)
(297, 1006, 1076)
(298, 1006, 1124)
(299, 1006, 1144)
(300, 1060, 0)
(301, 1060, 101)
(302, 1060, 151)
(303, 1060, 245)
(304, 1060, 355)
(305, 1060, 426)
(306, 1060, 446)
(307, 1060, 550)
(308, 1060, 586)
(309, 1060, 669)
(310, 1060, 691)
(311, 1060, 746)
(312, 1060, 808)
(313, 1060, 920)
(314, 1060, 1004)
(315, 1060, 1119)
(316, 1060, 1158)
(317, 1060, 1206)
(318, 1060, 1287)
(319, 1060, 1360)
(320, 1115, 0)
(321, 1115, 118)
(322, 1115, 216)
(323, 1115, 248)
(324, 1115, 352)
(325, 1115, 444)
(326, 1115, 494)
(327, 1115, 578)
(328, 1115, 671)
(329, 1115, 713)
(330, 1115, 832)
(331, 1115, 906)
(332, 1115, 978)
(333, 1115, 1023)
(334, 1115, 1140)
(335, 1115, 1164)
(336, 1115, 1210)
(337, 1115, 1263)
(338, 1115, 1355)
(339, 1115, 1416)
(340, 1194, 0)
(341, 1194, 104)
(342, 1194, 203)
(343, 1194, 299)
(344, 1194, 350)
(345, 1194, 469)
(346, 1194, 493)
(347, 1194, 606)
(348, 1194, 678)
(349, 1194, 793)
(350, 1194, 893)
(351, 1194, 916)
(352, 1194, 1010)
(353, 1194, 1075)
(354, 1194, 1134)
(355, 1194, 1252)
(356, 1194, 1299)
(357, 1194, 1323)
(358, 1194, 1414)
(359, 1194, 1483)
(360, 1292, 0)
(361, 1292, 74)
(362, 1292, 174)
(363, 1292, 221)
(364, 1292, 251)
(365, 1292, 329)
(366, 1292, 409)
(367, 1292, 511)
(368, 1292, 583)
(369, 1292, 702)
(370, 1292, 763)
(371, 1292, 819)
(372, 1292, 917)
(373, 1292, 954)
(374, 1292, 993)
(375, 1292, 1042)
(376, 1292, 1136)
(377, 1292, 1220)
(378, 1292, 1274)
(379, 1292, 1315)
(380, 1349, 0)
(381, 1349, 67)
(382, 1349, 129)
(383, 1349, 177)
(384, 1349, 243)
(385, 1349, 332)
(386, 1349, 384)
(387, 1349, 473)
(388, 1349, 564)
(389, 1349, 671)
(390, 1349, 790)
(391, 1349, 835)
(392, 1349, 875)
(393, 1349, 921)
(394, 1349, 1028)
(395, 1349, 1078)
(396, 1349, 1136)
(397, 1349, 1177)
(398, 1349, 1279)
(399, 1349, 1336)
