435
(4, 5)
(4, 34)
(5, 6)
(5, 35)
(11, 12)
(11, 41)
(13, 14)
(13, 43)
(18, 19)
(18, 48)
(19, 20)
(19, 49)
(39, 40)
(39, 69)
(40, 41)
(40, 70)
(45, 46)
(45, 75)
(49, 50)
(49, 79)
(50, 51)
(50, 80)
(57, 58)
(57, 87)
(68, 69)
(68, 98)
(69, 70)
(69, 99)
(73, 74)
(73, 103)
(76, 77)
(76, 106)
(87, 88)
(88, 89)
(89, 119)
(98, 99)
(98, 128)
(99, 100)
(99, 129)
(104, 105)
(104, 134)
(109, 110)
(109, 139)
(113, 114)
(113, 143)
(119, 149)
(124, 125)
(124, 154)
(125, 126)
(125, 155)
(126, 127)
(126, 156)
(127, 128)
(127, 157)
(133, 134)
(133, 163)
(137, 138)
(137, 167)
(140, 141)
(140, 170)
(141, 142)
(141, 171)
(143, 144)
(143, 173)
(156, 157)
(156, 186)
(159, 160)
(159, 189)
(166, 167)
(166, 196)
(167, 168)
(167, 197)
(169, 170)
(169, 199)
(170, 171)
(170, 200)
(174, 175)
(174, 204)
(182, 183)
(182, 212)
(183, 184)
(183, 213)
(185, 186)
(185, 215)
(188, 189)
(188, 218)
(194, 195)
(194, 224)
(198, 199)
(198, 228)
(199, 200)
(199, 229)
(202, 203)
(202, 232)
(202, 229)
(204, 205)
(204, 234)
(205, 206)
(205, 235)
(208, 209)
(208, 238)
(218, 219)
(218, 248)
(228, 229)
(228, 258)
(229, 230)
(229, 259)
(230, 231)
(230, 260)
(332, 362)
(233, 234)
(233, 263)
(238, 239)
(239, 269)
(245, 246)
(245, 275)
(247, 248)
(247, 277)
(259, 260)
(259, 289)
(261, 262)
(261, 291)
(268, 269)
(268, 298)
(276, 277)
(276, 306)
(277, 278)
(277, 307)
(278, 279)
(278, 308)
(279, 280)
(279, 309)
(281, 282)
(281, 311)
(283, 284)
(283, 313)
(286, 287)
(286, 316)
(289, 290)
(289, 319)
(292, 293)
(292, 322)
(296, 297)
(296, 326)
(299, 329)
(302, 303)
(302, 332)
(305, 306)
(305, 335)
(310, 311)
(310, 340)
(311, 312)
(311, 341)
(314, 315)
(314, 344)
(315, 316)
(315, 345)
(316, 317)
(316, 346)
(319, 320)
(319, 349)
(322, 323)
(322, 352)
(330, 331)
(330, 360)
(340, 341)
(340, 370)
(346, 347)
(346, 376)
(350, 351)
(350, 380)
(351, 352)
(351, 381)
(352, 353)
(352, 382)
(355, 356)
(355, 385)
(356, 357)
(357, 358)
(358, 359)
(358, 388)
(360, 361)
(360, 390)
(362, 363)
(362, 392)
(363, 364)
(363, 393)
(364, 365)
(365, 366)
(365, 395)
(375, 376)
(375, 405)
(378, 379)
(378, 408)
(389, 419)
(390, 420)
(392, 422)
(400, 401)
(400, 430)
(402, 403)
(402, 432)
(409, 410)
(409, 439)
(411, 412)
(411, 441)
(419, 449)
(420, 421)
(420, 450)
(421, 452)
(422, 453)
(428, 429)
(428, 458)
(432, 433)
(432, 462)
(434, 435)
(434, 464)
(435, 436)
(435, 465)
(437, 438)
(437, 467)
(438, 439)
(438, 468)
(439, 440)
(439, 469)
(442, 443)
(442, 472)
(443, 444)
(443, 473)
(445, 446)
(445, 475)
(448, 449)
(448, 478)
(449, 479)
(452, 453)
(452, 482)
(458, 459)
(458, 488)
(463, 464)
(463, 493)
(474, 475)
(474, 504)
(476, 477)
(476, 506)
(480, 481)
(480, 510)
(481, 482)
(486, 487)
(486, 516)
(493, 494)
(493, 523)
(497, 498)
(497, 527)
(499, 500)
(499, 529)
(502, 503)
(502, 532)
(508, 509)
(508, 538)
(512, 513)
(512, 542)
(519, 520)
(519, 549)
(527, 528)
(527, 557)
(529, 530)
(529, 559)
(535, 536)
(535, 565)
(536, 537)
(536, 566)
(540, 541)
(540, 570)
(543, 544)
(543, 573)
(544, 545)
(544, 574)
(546, 547)
(546, 576)
(555, 556)
(555, 585)
(568, 569)
(568, 598)
(569, 599)
(570, 571)
(570, 600)
(571, 572)
(571, 601)
(578, 579)
(578, 608)
(583, 584)
(583, 613)
(584, 585)
(584, 614)
(587, 588)
(587, 617)
(588, 589)
(588, 618)
(594, 595)
(594, 624)
(595, 596)
(595, 625)
(596, 597)
(596, 626)
(599, 629)
(601, 602)
(601, 631)
(606, 607)
(606, 636)
(610, 611)
(610, 640)
(613, 614)
(613, 643)
(617, 618)
(617, 647)
(619, 620)
(619, 649)
(622, 623)
(622, 652)
(628, 629)
(628, 658)
(630, 631)
(630, 660)
(638, 639)
(638, 668)
(640, 641)
(640, 670)
(643, 672)
(646, 647)
(646, 676)
(654, 655)
(654, 684)
(655, 656)
(655, 685)
(658, 659)
(658, 688)
(664, 665)
(664, 694)
(672, 673)
(672, 702)
(676, 677)
(676, 706)
(679, 680)
(679, 709)
(683, 684)
(683, 713)
(685, 686)
(685, 715)
(688, 689)
(688, 718)
(690, 691)
(690, 720)
(691, 692)
(692, 693)
(693, 694)
(692, 722)
(705, 706)
(705, 735)
(714, 715)
(714, 744)
(715, 716)
(715, 745)
(721, 722)
(721, 751)
(726, 727)
(726, 756)
(730, 731)
(730, 760)
(731, 732)
(731, 761)
(734, 735)
(734, 764)
(735, 736)
(735, 765)
(743, 744)
(743, 773)
(746, 747)
(746, 776)
(752, 753)
(752, 782)
(753, 754)
(753, 783)
(755, 756)
(755, 785)
(760, 761)
(760, 790)
(762, 763)
(762, 792)
(765, 766)
(765, 795)
(767, 768)
(767, 797)
(768, 769)
(768, 798)
(780, 781)
(780, 810)
(781, 782)
(789, 790)
(789, 819)
(792, 793)
(792, 822)
(794, 795)
(794, 824)
(797, 798)
(797, 827)
(799, 800)
(799, 829)
(813, 814)
(813, 843)
(814, 815)
(814, 844)
(818, 819)
(818, 848)
(825, 826)
(825, 855)
(828, 829)
(828, 858)
(831, 832)
(831, 861)
(836, 837)
(836, 866)
(843, 844)
(843, 873)
(848, 876)
(854, 855)
(854, 884)
(859, 860)
(859, 889)
(861, 862)
(861, 891)
(862, 863)
(862, 892)
(866, 867)
(867, 868)
(867, 897)
(871, 872)
(872, 873)
(875, 876)
(883, 884)
(885, 886)
(886, 887)
(887, 888)
(888, 889)
